-113459
-89519
-133123
-170403
-196557
-243368
-253693
-229864
-216628
-208602
-170585
-192193
-171811
-183019
-168445
-141613
-282770
-209176
-106846
-182993
-103289
-279622
-206718
-205518
-314781
-47326
-183145
-70872
-248969
-100090
-42005
-723402
142467
-152781
-408024
273521
-428389
-39574
-114391
-289236
-65536
-369098
-22692
-440425
-212183
-123994
-560850
-15892
-375394
-311675
-77140
-379575
-103326
-220863
-225446
-176537
-314876
-225419
-291133
-197398
-138071
-173269
-106065
-162202
-144043
-120399
-172996
-176243
-207284
-242252
-226223
-191923
-191364
-183586
-183866
-201535
-186538
-163714
-145913
-111659
-98689
-115258
-140570
-150662
-122598
-53449
-54209
-121221
-145751
-199595
-218782
-178914
-168150
-136366
-162164
-201197
-184592
-163948
-86608
-87306
-164106
-172447
-166897
-237979
-258131
-209519
-219760
-225275
